,raceId,driverId,constructorId,grid_start_pos,driver_pos,driver_points,laps,milliseconds,fastest_lap,fast_lap_rank,fastest_lap_time,fastest_lap_speed,statusId,year,round,circuitId,constructor_position,constructor_points,num_pit_stops,avg_lap_time,finish_domain_encoded
0,1074,844,6,1,1,26.0,57,5853584.0,51.0,1,94570.0,206.018,1,2022,1,3,1,44.0,3.0,102694.456,0.0
1,1074,832,6,3,2,18.0,57,5859182.0,52.0,3,95740.0,203.501,1,2022,1,3,3,44.0,3.0,102792.667,0.0
2,1074,1,131,5,3,15.0,57,5863259.0,53.0,5,96228.0,202.469,1,2022,1,3,5,27.0,3.0,102864.193,0.0
3,1074,847,131,9,4,12.0,57,5864795.0,56.0,6,96302.0,202.313,1,2022,1,3,9,27.0,3.0,102891.14,1.0
4,1074,825,210,7,5,10.0,57,5868338.0,53.0,8,96623.0,201.641,1,2022,1,3,7,10.0,3.0,102953.298,1.0
5,1074,822,51,6,6,8.0,57,5869703.0,53.0,7,96599.0,201.691,1,2022,1,3,6,9.0,3.0,102977.246,1.0
6,1074,839,214,11,7,6.0,57,5873007.0,53.0,14,97110.0,200.63,1,2022,1,3,11,8.0,3.0,103035.211,1.0
7,1074,852,213,16,8,4.0,57,5873970.0,53.0,13,97104.0,200.642,1,2022,1,3,16,4.0,3.0,103052.105,1.0
8,1074,4,214,8,9,2.0,57,5875974.0,44.0,10,96733.0,201.412,1,2022,1,3,8,8.0,3.0,103087.263,1.0
9,1074,855,51,15,10,1.0,57,5876648.0,39.0,9,96685.0,201.512,1,2022,1,3,15,9.0,3.0,103099.088,1.0
10,1074,854,210,12,11,0.0,57,5886158.0,37.0,11,96956.0,200.948,1,2022,1,3,12,10.0,2.0,103265.93,2.0
11,1074,840,117,19,12,0.0,57,5899457.0,49.0,15,97146.0,200.555,1,2022,1,3,19,0.0,3.0,103499.246,2.0
12,1074,848,3,14,13,0.0,57,5907516.0,50.0,18,97355.0,200.125,1,2022,1,3,14,0.0,3.0,103640.632,2.0
13,1074,817,1,18,14,0.0,57,5908559.0,50.0,16,97261.0,200.318,1,2022,1,3,18,0.0,3.0,103658.93,2.0
14,1074,846,1,13,15,0.0,57,5909919.0,51.0,12,96988.0,200.882,1,2022,1,3,13,0.0,3.0,103682.789,2.0
15,1074,849,3,20,16,0.0,57,5915379.0,51.0,20,98251.0,198.3,1,2022,1,3,20,0.0,3.0,103778.579,2.0
16,1074,807,117,17,17,0.0,57,5917413.0,49.0,19,98201.0,198.401,1,2022,1,3,17,0.0,3.0,103814.263,2.0
17,1074,815,9,4,18,0.0,56,,52.0,4,96089.0,202.762,32,2022,1,3,4,0.0,3.0,102955.804,2.0
18,1074,830,9,2,19,0.0,54,,51.0,2,95440.0,204.14,32,2022,1,3,2,0.0,3.0,103661.037,2.0
19,1074,842,213,10,20,0.0,44,,34.0,17,97324.0,200.189,131,2022,1,3,10,4.0,2.0,100781.023,2.0
20,1075,830,9,4,1,25.0,50,5059293.0,50.0,2,91772.0,242.191,1,2022,2,77,4,37.0,1.0,101185.86,0.0
21,1075,844,6,2,2,19.0,50,5059842.0,48.0,1,91634.0,242.556,1,2022,2,77,2,78.0,1.0,101196.84,0.0
22,1075,832,6,3,3,15.0,50,5067390.0,48.0,3,91905.0,241.841,1,2022,2,77,3,78.0,1.0,101347.8,0.0
23,1075,815,9,1,4,12.0,50,5070093.0,46.0,4,92042.0,241.481,1,2022,2,77,1,37.0,1.0,101401.86,1.0
24,1075,847,131,6,5,10.0,50,5092025.0,43.0,7,92821.0,239.454,1,2022,2,77,6,38.0,1.0,101840.5,1.0
25,1075,839,214,5,6,8.0,50,5115310.0,46.0,9,93103.0,238.729,1,2022,2,77,5,16.0,1.0,102306.2,1.0
26,1075,846,1,11,7,6.0,50,5115417.0,46.0,5,92753.0,239.629,1,2022,2,77,11,6.0,1.0,102308.34,1.0
27,1075,842,213,9,8,4.0,50,5122239.0,42.0,10,93468.0,237.796,1,2022,2,77,9,8.0,1.0,102444.78,1.0
28,1075,825,210,10,9,2.0,50,5123601.0,48.0,6,92779.0,239.562,1,2022,2,77,10,12.0,1.0,102472.02,1.0
29,1075,1,131,15,10,1.0,50,5133241.0,47.0,8,92997.0,239.001,1,2022,2,77,16,38.0,1.0,102664.82,1.0
30,1075,855,51,12,11,0.0,50,5141508.0,45.0,13,93924.0,236.642,1,2022,2,77,13,9.0,2.0,102830.16,2.0
31,1075,807,117,17,12,0.0,50,5151035.0,47.0,11,93651.0,237.332,1,2022,2,77,18,0.0,1.0,103020.7,2.0
32,1075,840,117,13,13,0.0,49,,46.0,16,94446.0,235.334,11,2022,2,77,15,0.0,1.0,103548.184,2.0
33,1075,848,3,16,14,0.0,47,,46.0,15,94368.0,235.528,130,2022,2,77,17,0.0,1.0,103261.766,2.0
34,1075,822,51,8,15,0.0,36,,31.0,14,93979.0,236.503,141,2022,2,77,8,9.0,2.0,104390.944,2.0
35,1075,4,214,7,16,0.0,35,,33.0,12,93831.0,236.876,103,2022,2,77,7,16.0,1.0,103329.971,2.0
36,1075,817,1,14,17,0.0,35,,34.0,17,94487.0,235.232,6,2022,2,77,12,6.0,1.0,103583.714,2.0
37,1075,849,3,18,18,0.0,14,,9.0,18,97530.0,227.892,3,2022,2,77,19,0.0,,98876.143,2.0
38,1075,852,213,19,19,0.0,0,,,0,,,131,2022,2,77,20,8.0,,,2.0
39,1075,854,210,0,20,0.0,0,,,0,,,54,2022,2,77,14,12.0,,,2.0
40,1076,844,6,1,1,26.0,58,5266548.0,58.0,1,80260.0,236.74,1,2022,3,1,1,104.0,1.0,90802.552,0.0
41,1076,815,9,3,2,18.0,58,5287072.0,58.0,3,81094.0,234.305,1,2022,3,1,3,55.0,1.0,91156.414,0.0
42,1076,847,131,6,3,15.0,58,5292141.0,53.0,4,81495.0,233.152,1,2022,3,1,6,65.0,1.0,91243.81,0.0
43,1076,1,131,5,4,12.0,58,5295091.0,51.0,7,81886.0,232.039,1,2022,3,1,5,65.0,1.0,91294.672,1.0
44,1076,846,1,4,5,10.0,58,5319851.0,55.0,8,82248.0,231.018,1,2022,3,1,4,24.0,1.0,91721.569,1.0
45,1076,817,1,7,6,8.0,58,5320285.0,54.0,9,82451.0,230.449,1,2022,3,1,7,24.0,1.0,91729.052,1.0
46,1076,839,214,8,7,6.0,58,5328231.0,58.0,10,82469.0,230.399,1,2022,3,1,8,22.0,1.0,91866.052,1.0
47,1076,822,51,12,8,4.0,58,5334987.0,54.0,5,81651.0,232.707,1,2022,3,1,12,13.0,1.0,91982.534,1.0
48,1076,842,213,11,9,2.0,58,5342769.0,52.0,13,82731.0,229.669,1,2022,3,1,11,10.0,1.0,92116.707,1.0
49,1076,848,3,20,10,1.0,58,5345930.0,54.0,12,82589.0,230.064,1,2022,3,1,16,1.0,1.0,92171.207,1.0
50,1076,855,51,14,11,0.0,58,5348243.0,55.0,11,82541.0,230.198,1,2022,3,1,14,13.0,1.0,92211.086,2.0
51,1076,840,117,19,12,0.0,58,5355146.0,48.0,17,83592.0,227.304,1,2022,3,1,20,0.0,3.0,92243.897,2.0
52,1076,854,210,15,13,0.0,57,,55.0,14,83006.0,228.908,11,2022,3,1,15,12.0,1.0,92435.281,2.0
53,1076,825,210,16,14,0.0,57,,44.0,15,83071.0,228.729,11,2022,3,1,17,12.0,1.0,92464.491,2.0
54,1076,852,213,13,15,0.0,57,,56.0,16,83342.0,227.985,11,2022,3,1,13,10.0,1.0,92506.298,2.0
55,1076,849,3,18,16,0.0,57,,49.0,18,83882.0,226.518,11,2022,3,1,19,1.0,2.0,92579.491,2.0
56,1076,4,214,10,17,0.0,57,,57.0,2,80846.0,235.024,11,2022,3,1,10,22.0,2.0,92931.035,2.0
57,1076,830,9,2,18,0.0,38,,37.0,6,81677.0,232.633,95,2022,3,1,2,55.0,1.0,94887.842,2.0
58,1076,20,117,17,19,0.0,22,,17.0,19,85189.0,223.042,3,2022,3,1,18,0.0,,94697.455,2.0
59,1076,832,6,9,20,0.0,1,,,0,,,20,2022,3,1,9,104.0,,99028.0,2.0
60,1077,830,9,1,1,26.0,63,5527986.0,55.0,1,78446.0,225.281,1,2022,4,21,1,113.0,2.0,87745.81,0.0
61,1077,815,9,3,2,18.0,63,5544513.0,52.0,3,78949.0,223.845,1,2022,4,21,7,113.0,2.0,88008.143,0.0
62,1077,846,1,5,3,15.0,63,5562820.0,61.0,7,80903.0,218.439,1,2022,4,21,3,46.0,1.0,88298.73,0.0
63,1077,847,131,11,4,12.0,63,5570492.0,57.0,8,80962.0,218.28,1,2022,4,21,11,77.0,1.0,88420.508,1.0
64,1077,822,51,7,5,10.0,63,5571167.0,43.0,6,80758.0,218.831,1,2022,4,21,8,25.0,1.0,88431.222,1.0
65,1077,844,6,2,6,8.0,63,5584058.0,63.0,2,78574.0,224.914,1,2022,4,21,2,124.0,3.0,88635.841,1.0
66,1077,852,213,12,7,6.0,63,5589096.0,61.0,5,80544.0,219.412,1,2022,4,21,16,16.0,1.0,88715.81,1.0
67,1077,20,117,13,8,4.0,63,5598878.0,47.0,9,81211.0,217.61,1,2022,4,21,9,5.0,1.0,88871.079,1.0
68,1077,825,210,8,9,2.0,63,5603246.0,61.0,10,81238.0,217.538,1,2022,4,21,4,15.0,1.0,88940.413,1.0
69,1077,840,117,15,10,1.0,62,,46.0,16,81750.0,216.176,11,2022,4,21,15,5.0,1.0,89310.935,1.0
70,1077,848,3,18,11,0.0,62,,61.0,17,81757.0,216.157,11,2022,4,21,20,1.0,1.0,89386.5,2.0
71,1077,842,213,17,12,0.0,62,,34.0,15,81713.0,216.274,11,2022,4,21,17,16.0,1.0,89396.194,2.0
72,1077,1,131,14,13,0.0,62,,50.0,13,81419.0,217.054,11,2022,4,21,13,77.0,1.0,89407.5,2.0
73,1077,839,214,16,14,0.0,62,,37.0,18,81887.0,215.814,11,2022,4,21,19,22.0,1.0,89360.339,2.0
74,1077,855,51,0,15,0.0,62,,61.0,11,81286.0,217.41,11,2022,4,21,14,25.0,1.0,89538.129,2.0
75,1077,849,3,19,16,0.0,62,,62.0,12,81338.0,217.271,11,2022,4,21,18,1.0,1.0,89580.968,2.0
76,1077,854,210,10,17,0.0,62,,55.0,4,78999.0,223.704,11,2022,4,21,12,15.0,2.0,89869.468,2.0
77,1077,817,1,6,18,0.0,62,,61.0,14,81577.0,216.634,11,2022,4,21,6,46.0,3.0,90171.661,2.0
78,1077,4,214,9,19,0.0,6,,5.0,19,99685.0,177.282,130,2022,4,21,5,22.0,,124153.167,2.0
79,1077,832,6,4,20,0.0,0,,,0,,,4,2022,4,21,10,124.0,,,2.0
80,1078,830,9,3,1,26.0,57,5664258.0,54.0,1,91361.0,213.255,1,2022,5,79,3,151.0,1.0,99372.947,0.0
81,1078,844,6,1,2,18.0,57,5668044.0,53.0,2,91488.0,212.959,1,2022,5,79,1,157.0,1.0,99439.368,0.0
82,1078,832,6,2,3,15.0,57,5672487.0,56.0,3,91790.0,212.258,1,2022,5,79,2,157.0,1.0,99517.316,0.0
83,1078,815,9,4,4,12.0,57,5674896.0,54.0,4,91819.0,212.191,1,2022,5,79,4,151.0,2.0,99559.579,1.0
84,1078,847,131,12,5,10.0,57,5682840.0,56.0,5,92195.0,211.325,1,2022,5,79,12,95.0,1.0,99698.947,1.0
85,1078,1,131,6,6,8.0,57,5685626.0,55.0,7,92941.0,209.629,1,2022,5,79,6,95.0,1.0,99747.825,1.0
86,1078,822,51,5,7,6.0,57,5689331.0,56.0,10,93184.0,209.083,1,2022,5,79,5,31.0,1.0,99812.825,1.0
87,1078,839,214,20,8,4.0,57,5692644.0,56.0,9,93163.0,209.13,1,2022,5,79,20,26.0,1.0,99870.947,1.0
88,1078,848,3,18,9,2.0,57,5696623.0,57.0,15,93447.0,208.494,1,2022,5,79,18,3.0,1.0,99940.754,1.0
89,1078,840,117,0,10,1.0,57,5701284.0,52.0,12,93312.0,208.796,1,2022,5,79,10,6.0,1.0,100022.526,1.0
90,1078,4,214,11,11,0.0,57,5701386.0,53.0,13,93331.0,208.753,1,2022,5,79,11,26.0,1.0,99848.877,2.0
91,1078,852,213,9,12,0.0,57,5704404.0,55.0,8,93035.0,209.417,1,2022,5,79,9,16.0,2.0,100077.263,2.0
92,1078,817,1,14,13,0.0,57,5705160.0,56.0,11,93265.0,208.901,1,2022,5,79,14,46.0,2.0,100002.807,2.0
93,1078,849,3,19,14,0.0,57,5714194.0,53.0,18,94169.0,206.896,1,2022,5,79,19,3.0,1.0,100249.018,2.0
94,1078,854,210,15,15,0.0,57,5737563.0,57.0,6,92528.0,210.565,1,2022,5,79,15,15.0,2.0,100659.0,2.0
95,1078,825,210,16,16,0.0,56,,52.0,17,93511.0,208.351,33,2022,5,79,16,15.0,2.0,100158.268,2.0
96,1078,20,117,0,17,0.0,54,,50.0,16,93479.0,208.423,4,2022,5,79,13,6.0,1.0,100720.704,2.0
97,1078,842,213,7,18,0.0,45,,38.0,19,94487.0,206.199,22,2022,5,79,7,16.0,2.0,101927.556,2.0
98,1078,846,1,8,19,0.0,39,,37.0,14,93411.0,208.575,4,2022,5,79,8,46.0,1.0,96139.538,2.0
99,1078,855,51,17,20,0.0,6,,4.0,20,95731.0,203.52,47,2022,5,79,17,31.0,,102172.167,2.0
100,1079,830,9,2,1,25.0,66,5840475.0,46.0,4,85456.0,196.943,1,2022,6,4,2,195.0,3.0,88492.045,0.0
101,1079,815,9,5,2,19.0,66,5853547.0,55.0,1,84108.0,200.099,1,2022,6,4,5,195.0,3.0,88690.106,0.0
102,1079,847,131,4,3,15.0,66,5873402.0,53.0,3,84636.0,198.851,1,2022,6,4,4,120.0,3.0,88990.939,0.0
103,1079,832,6,3,4,12.0,66,5885683.0,49.0,7,85985.0,195.731,1,2022,6,4,3,169.0,3.0,89177.015,1.0
104,1079,1,131,6,5,10.0,66,5895009.0,51.0,2,84253.0,199.755,1,2022,6,4,6,120.0,3.0,89318.318,1.0
105,1079,822,51,7,6,8.0,66,5900451.0,36.0,8,86395.0,194.802,1,2022,6,4,7,39.0,2.0,89400.773,1.0
106,1079,839,214,12,7,6.0,66,5915872.0,54.0,6,85935.0,195.845,1,2022,6,4,12,34.0,3.0,89634.424,1.0
107,1079,846,1,11,8,4.0,66,5923710.0,53.0,5,85619.0,196.568,1,2022,6,4,11,50.0,3.0,89753.182,1.0
108,1079,4,214,20,9,2.0,65,,56.0,9,86599.0,194.344,11,2022,6,4,17,34.0,3.0,89958.8,1.0
109,1079,852,213,13,10,1.0,65,,59.0,10,86828.0,193.831,11,2022,6,4,13,17.0,3.0,90017.231,1.0
110,1079,20,117,16,11,0.0,65,,59.0,18,87629.0,192.059,11,2022,6,4,16,6.0,2.0,90263.046,2.0
111,1079,817,1,9,12,0.0,65,,54.0,15,87285.0,192.816,11,2022,6,4,9,50.0,3.0,90463.877,2.0
112,1079,842,213,14,13,0.0,65,,51.0,12,86987.0,193.477,11,2022,6,4,14,17.0,3.0,90483.415,2.0
113,1079,854,210,10,14,0.0,65,,32.0,16,87447.0,192.459,11,2022,6,4,10,15.0,2.0,90521.815,2.0
114,1079,840,117,17,15,0.0,65,,54.0,11,86876.0,193.724,11,2022,6,4,18,6.0,3.0,90812.4,2.0
115,1079,849,3,19,16,0.0,64,,52.0,14,87246.0,192.902,12,2022,6,4,20,3.0,3.0,91327.047,2.0
116,1079,825,210,8,17,0.0,64,,3.0,17,87537.0,192.261,12,2022,6,4,8,15.0,2.0,91455.172,2.0
117,1079,848,3,18,18,0.0,64,,56.0,19,88281.0,190.641,12,2022,6,4,19,3.0,4.0,92043.797,2.0
118,1079,855,51,15,19,0.0,28,,12.0,20,88415.0,190.352,75,2022,6,4,15,39.0,1.0,91984.679,2.0
119,1079,844,6,1,20,0.0,27,,25.0,13,87030.0,193.381,101,2022,6,4,1,169.0,1.0,89691.037,2.0
120,1080,815,9,3,1,25.0,64,6990265.0,46.0,4,76028.0,158.01,1,2022,7,6,3,235.0,3.0,109222.891,0.0
121,1080,832,6,2,2,18.0,64,6991419.0,47.0,7,76421.0,157.197,1,2022,7,6,2,199.0,2.0,109240.922,0.0
122,1080,830,9,4,3,15.0,64,6991756.0,47.0,5,76052.0,157.96,1,2022,7,6,4,235.0,3.0,109246.188,0.0
123,1080,844,6,1,4,12.0,64,6993187.0,46.0,6,76249.0,157.552,1,2022,7,6,1,199.0,3.0,109268.547,1.0
124,1080,847,131,6,5,10.0,64,7002233.0,42.0,8,76830.0,156.36,1,2022,7,6,6,134.0,2.0,109409.891,1.0
125,1080,846,1,5,6,9.0,64,7002496.0,55.0,1,74693.0,160.834,1,2022,7,6,5,59.0,4.0,109414.0,1.0
126,1080,4,214,7,7,6.0,64,7036623.0,50.0,3,75882.0,158.314,1,2022,7,6,7,40.0,2.0,109947.234,1.0
127,1080,1,131,8,8,4.0,64,7040653.0,51.0,9,77203.0,155.605,1,2022,7,6,8,134.0,3.0,110010.203,1.0
128,1080,822,51,12,9,2.0,64,7042790.0,57.0,14,77600.0,154.809,1,2022,7,6,12,41.0,2.0,110043.594,1.0
129,1080,20,117,9,10,1.0,64,7043801.0,54.0,12,77558.0,154.893,1,2022,7,6,9,7.0,3.0,110059.391,1.0
130,1080,842,213,17,11,0.0,64,7044554.0,61.0,10,77344.0,155.321,1,2022,7,6,17,17.0,3.0,110071.156,2.0
131,1080,839,214,10,12,0.0,64,7045909.0,50.0,13,77571.0,154.867,1,2022,7,6,10,40.0,2.0,110014.203,2.0
132,1080,817,1,14,13,0.0,64,7047900.0,59.0,11,77532.0,154.945,1,2022,7,6,14,59.0,2.0,110123.438,2.0
133,1080,840,117,18,14,0.0,64,7051067.0,56.0,15,77672.0,154.665,1,2022,7,6,18,7.0,4.0,110172.922,2.0
134,1080,849,3,19,15,0.0,63,,43.0,18,78579.0,152.88,11,2022,7,6,19,3.0,4.0,111115.635,2.0
135,1080,855,51,20,16,0.0,63,,52.0,17,78200.0,153.621,11,2022,7,6,20,41.0,2.0,111123.254,2.0
136,1080,852,213,11,17,0.0,63,,61.0,2,75334.0,159.465,11,2022,7,6,11,17.0,4.0,111476.556,2.0
137,1080,848,3,16,18,0.0,48,,40.0,16,78023.0,153.969,26,2022,7,6,16,3.0,3.0,120910.667,2.0
138,1080,854,210,15,19,0.0,24,,24.0,19,84778.0,141.701,3,2022,7,6,15,15.0,2.0,103646.083,2.0
139,1080,825,210,13,20,0.0,19,,18.0,20,93754.0,128.135,34,2022,7,6,13,15.0,,105018.526,2.0
140,1081,830,9,3,1,25.0,51,5645941.0,50.0,2,106050.0,203.779,1,2022,8,73,3,279.0,2.0,110704.725,0.0
141,1081,815,9,2,2,19.0,51,5666764.0,36.0,1,106046.0,203.787,1,2022,8,73,2,279.0,2.0,111113.02,0.0
142,1081,847,131,5,3,15.0,51,5691936.0,42.0,4,107177.0,201.636,1,2022,8,73,5,161.0,2.0,111606.588,0.0
143,1081,1,131,7,4,12.0,51,5717620.0,39.0,3,107044.0,201.887,1,2022,8,73,7,161.0,2.0,112110.196,1.0
144,1081,842,213,6,5,10.0,51,5723240.0,39.0,16,108519.0,199.143,1,2022,8,73,6,27.0,1.0,112220.392,1.0
145,1081,20,117,9,6,8.0,51,5730040.0,41.0,12,108206.0,199.719,1,2022,8,73,9,15.0,1.0,112353.725,1.0
146,1081,4,214,10,7,6.0,51,5734537.0,49.0,8,107989.0,200.12,1,2022,8,73,10,47.0,1.0,112441.902,1.0
147,1081,817,1,12,8,4.0,51,5738148.0,44.0,13,108276.0,199.589,1,2022,8,73,12,65.0,1.0,112512.706,1.0
148,1081,846,1,11,9,2.0,51,5738497.0,37.0,9,107997.0,200.105,1,2022,8,73,11,65.0,1.0,112519.549,1.0
149,1081,839,214,13,10,1.0,51,5754125.0,36.0,14,108297.0,199.551,1,2022,8,73,13,47.0,1.0,112825.98,1.0
150,1081,822,51,15,11,0.0,50,,42.0,11,108179.0,199.768,11,2022,8,73,15,41.0,1.0,113030.7,2.0
151,1081,848,3,17,12,0.0,50,,48.0,7,107966.0,200.163,11,2022,8,73,17,3.0,2.0,113063.02,2.0
152,1081,852,213,8,13,0.0,50,,42.0,5,107523.0,200.987,11,2022,8,73,8,27.0,2.0,113096.14,2.0
153,1081,854,210,20,14,0.0,50,,40.0,15,108410.0,199.343,11,2022,8,73,20,15.0,2.0,113867.6,2.0
154,1081,849,3,18,15,0.0,50,,37.0,20,109583.0,197.209,11,2022,8,73,18,3.0,2.0,114928.74,2.0
155,1081,840,117,19,16,0.0,46,,38.0,10,108038.0,200.029,76,2022,8,73,19,15.0,1.0,114298.348,2.0
156,1081,825,210,16,17,0.0,31,,12.0,18,108789.0,198.648,131,2022,8,73,16,15.0,1.0,112623.161,2.0
157,1081,855,51,14,18,0.0,23,,12.0,17,108723.0,198.769,9,2022,8,73,14,41.0,1.0,114382.522,2.0
158,1081,844,6,1,19,0.0,21,,13.0,6,107531.0,200.972,131,2022,8,73,1,199.0,1.0,114286.333,2.0
159,1081,832,6,4,20,0.0,8,,3.0,19,108978.0,198.304,9,2022,8,73,4,199.0,,109805.75,2.0
160,1082,830,9,1,1,25.0,70,5781757.0,64.0,2,75839.0,207.012,1,2022,9,7,1,304.0,2.0,82596.529,0.0
161,1082,832,6,3,2,19.0,70,5782750.0,63.0,1,75749.0,207.258,1,2022,9,7,3,228.0,2.0,82610.714,0.0
162,1082,1,131,4,3,15.0,70,5788763.0,69.0,4,76167.0,206.12,1,2022,9,7,4,188.0,2.0,82696.614,0.0
163,1082,847,131,8,4,12.0,70,5794070.0,63.0,5,76418.0,205.443,1,2022,9,7,8,188.0,2.0,82772.429,1.0
164,1082,844,6,19,5,10.0,70,5796925.0,62.0,3,75901.0,206.843,1,2022,9,7,15,228.0,1.0,82813.214,1.0
165,1082,839,214,7,6,8.0,70,5805647.0,62.0,9,77110.0,203.6,1,2022,9,7,7,57.0,2.0,82937.814,1.0
166,1082,822,51,11,7,6.0,70,5807004.0,64.0,8,77010.0,203.864,1,2022,9,7,11,51.0,1.0,82957.2,1.0
167,1082,855,51,10,8,4.0,70,5808709.0,60.0,7,76927.0,204.084,1,2022,9,7,10,51.0,2.0,82981.557,1.0
168,1082,4,214,2,9,2.0,70,5811702.0,63.0,6,76578.0,205.014,1,2022,9,7,2,57.0,2.0,82952.886,1.0
169,1082,840,117,17,10,1.0,70,5819979.0,64.0,10,77421.0,202.782,1,2022,9,7,18,16.0,1.0,83142.557,1.0
170,1082,817,1,9,11,0.0,70,5824804.0,59.0,13,77932.0,201.452,1,2022,9,7,9,65.0,2.0,83211.486,2.0
171,1082,20,117,16,12,0.0,70,5826002.0,63.0,15,77956.0,201.39,1,2022,9,7,17,16.0,2.0,83228.6,2.0
172,1082,848,3,12,13,0.0,70,5826650.0,59.0,14,77951.0,201.403,1,2022,9,7,12,3.0,2.0,83237.857,2.0
173,1082,842,213,15,14,0.0,70,5826940.0,60.0,12,77810.0,201.768,1,2022,9,7,16,27.0,2.0,83242.0,2.0
174,1082,846,1,14,15,0.0,70,5833902.0,63.0,11,77495.0,202.588,1,2022,9,7,14,65.0,2.0,83270.029,2.0
175,1082,849,3,18,16,0.0,70,5841735.0,61.0,18,78540.0,199.893,1,2022,9,7,19,3.0,2.0,83453.357,2.0
176,1082,825,210,5,17,0.0,70,5849937.0,11.0,16,78046.0,201.158,1,2022,9,7,5,15.0,1.0,83570.529,2.0
177,1082,852,213,20,18,0.0,47,,15.0,17,78309.0,200.482,3,2022,9,7,20,27.0,2.0,81896.638,2.0
178,1082,854,210,6,19,0.0,18,,13.0,20,78967.0,198.812,5,2022,9,7,6,15.0,,82867.222,2.0
179,1082,815,9,13,20,0.0,7,,7.0,19,78844.0,199.122,6,2022,9,7,13,304.0,,81366.0,2.0
180,1083,832,6,1,1,25.0,52,8270311.0,44.0,2,90813.0,233.53,1,2022,10,9,1,265.0,3.0,159044.442,0.0
181,1083,815,9,4,2,18.0,52,8274090.0,47.0,3,90937.0,233.212,1,2022,10,9,4,328.0,3.0,159117.115,0.0
182,1083,1,131,5,3,16.0,52,8276536.0,52.0,1,90510.0,234.312,1,2022,10,9,5,204.0,3.0,159164.154,0.0
183,1083,844,6,3,4,12.0,52,8278857.0,52.0,4,91282.0,232.33,1,2022,10,9,3,265.0,2.0,159208.788,1.0
184,1083,4,214,7,5,10.0,52,8279882.0,47.0,5,91609.0,231.501,1,2022,10,9,7,67.0,3.0,159228.5,1.0
185,1083,846,1,6,6,8.0,52,8282254.0,47.0,6,91645.0,231.41,1,2022,10,9,6,73.0,3.0,159274.115,1.0
186,1083,830,9,2,7,6.0,52,8289088.0,44.0,8,92354.0,229.633,1,2022,10,9,2,328.0,4.0,159405.538,1.0
187,1083,854,210,19,8,4.0,52,8289306.0,48.0,7,92109.0,230.244,1,2022,10,9,19,20.0,3.0,159409.731,1.0
188,1083,20,117,18,9,2.0,52,8292667.0,52.0,10,92471.0,229.343,1,2022,10,9,18,18.0,3.0,159474.365,1.0
189,1083,825,210,17,10,1.0,52,8294901.0,52.0,12,92661.0,228.872,1,2022,10,9,17,20.0,2.0,159517.327,1.0
190,1083,840,117,20,11,0.0,52,8296458.0,52.0,9,92379.0,229.571,1,2022,10,9,20,18.0,3.0,159547.269,2.0
191,1083,849,3,10,12,0.0,52,8302822.0,48.0,13,93286.0,227.339,1,2022,10,9,10,3.0,3.0,159669.654,2.0
192,1083,817,1,14,13,0.0,52,8303128.0,34.0,11,92644.0,228.914,1,2022,10,9,14,73.0,4.0,159675.538,2.0
193,1083,852,213,13,14,0.0,52,8311221.0,51.0,15,93832.0,226.016,1,2022,10,9,13,27.0,3.0,159831.173,2.0
194,1083,839,214,15,15,0.0,37,,37.0,14,93537.0,226.729,48,2022,10,9,15,67.0,2.0,182210.378,2.0
195,1083,842,213,11,16,0.0,26,,18.0,16,94614.0,224.148,130,2022,10,9,11,27.0,2.0,219786.423,2.0
196,1083,822,51,12,17,0.0,20,,19.0,17,95103.0,222.996,6,2022,10,9,12,51.0,1.0,256319.25,2.0
197,1083,847,131,8,18,0.0,0,,,0,,,4,2022,10,9,8,204.0,,,2.0
198,1083,855,51,9,19,0.0,0,,,0,,,4,2022,10,9,9,51.0,,,2.0
199,1083,848,3,16,20,0.0,0,,,0,,,4,2022,10,9,16,3.0,,,2.0
200,1084,844,6,2,1,25.0,71,5064312.0,62.0,2,67583.0,230.01,1,2022,11,70,2,303.0,3.0,71328.338,0.0
201,1084,830,9,1,2,19.0,71,5065844.0,62.0,1,67275.0,231.063,1,2022,11,70,1,359.0,3.0,71349.915,0.0
202,1084,1,131,8,3,15.0,71,5105529.0,63.0,5,69000.0,225.286,1,2022,11,70,9,237.0,2.0,71908.859,0.0
203,1084,847,131,4,4,12.0,71,5123284.0,61.0,6,69075.0,225.042,1,2022,11,70,4,237.0,2.0,72158.93,1.0
204,1084,839,214,6,5,10.0,71,5132748.0,62.0,10,69559.0,223.476,1,2022,11,70,5,81.0,2.0,72292.225,1.0
205,1084,854,210,9,6,8.0,70,,50.0,11,69625.0,223.264,11,2022,11,70,7,34.0,2.0,72423.029,1.0
206,1084,846,1,10,7,6.0,70,,62.0,8,69304.0,224.298,11,2022,11,70,15,81.0,2.0,72464.557,1.0
207,1084,825,210,7,8,4.0,70,,61.0,14,69938.0,222.265,11,2022,11,70,6,34.0,2.0,72513.257,1.0
208,1084,817,1,11,9,2.0,70,,61.0,13,69924.0,222.309,11,2022,11,70,16,81.0,2.0,72580.8,1.0
209,1084,4,214,19,10,1.0,70,,62.0,3,68558.0,226.739,11,2022,11,70,8,81.0,3.0,72610.529,1.0
210,1084,822,51,0,11,0.0,70,,61.0,7,69266.0,224.421,11,2022,11,70,12,51.0,2.0,72632.671,2.0
211,1084,848,3,15,12,0.0,70,,60.0,12,69669.0,223.123,11,2022,11,70,11,3.0,2.0,72698.414,2.0
212,1084,840,117,12,13,0.0,70,,64.0,17,70048.0,221.916,11,2022,11,70,17,18.0,2.0,72768.414,2.0
213,1084,855,51,13,14,0.0,70,,50.0,9,69380.0,224.053,11,2022,11,70,18,51.0,2.0,72793.014,2.0
214,1084,842,213,14,15,0.0,70,,61.0,18,70104.0,221.739,11,2022,11,70,10,27.0,2.0,72824.543,2.0
215,1084,852,213,16,16,0.0,70,,62.0,16,70023.0,221.995,11,2022,11,70,14,27.0,2.0,72920.743,2.0
216,1084,20,117,18,17,0.0,70,,62.0,15,70001.0,222.065,11,2022,11,70,20,18.0,2.0,72873.486,2.0
217,1084,832,6,3,18,0.0,56,,55.0,4,68649.0,226.438,131,2022,11,70,3,303.0,2.0,71160.464,2.0
218,1084,849,3,17,19,0.0,48,,14.0,19,70890.0,219.28,140,2022,11,70,19,3.0,2.0,73472.958,2.0
219,1084,815,9,5,20,0.0,24,,5.0,20,71843.0,216.371,130,2022,11,70,13,359.0,1.0,75696.5,2.0
220,1085,830,9,2,1,25.0,53,5402112.0,30.0,2,97491.0,215.724,1,2022,12,34,2,396.0,1.0,101926.642,0.0
221,1085,1,131,4,2,18.0,53,5412699.0,30.0,4,97668.0,215.333,1,2022,12,34,4,270.0,1.0,102126.396,0.0
222,1085,847,131,6,3,15.0,53,5418607.0,51.0,3,97548.0,215.598,1,2022,12,34,6,270.0,1.0,102237.868,0.0
223,1085,815,9,3,4,12.0,53,5419422.0,45.0,5,97780.0,215.086,1,2022,12,34,3,396.0,1.0,102253.245,1.0
224,1085,832,6,19,5,11.0,53,5430984.0,51.0,1,95781.0,219.575,1,2022,12,34,9,314.0,2.0,102471.396,1.0
225,1085,4,214,7,6,8.0,53,5444991.0,53.0,8,98160.0,214.254,1,2022,12,34,7,93.0,1.0,102735.679,1.0
226,1085,846,1,5,7,6.0,53,5454138.0,43.0,11,99037.0,212.356,1,2022,12,34,5,89.0,1.0,102908.264,1.0
227,1085,839,214,10,8,4.0,53,5459071.0,53.0,9,98684.0,213.116,1,2022,12,34,12,93.0,1.0,103001.34,1.0
228,1085,817,1,9,9,2.0,53,5462484.0,27.0,14,99133.0,212.151,1,2022,12,34,11,89.0,1.0,103065.736,1.0
229,1085,840,117,15,10,1.0,53,5464661.0,52.0,15,99185.0,212.04,1,2022,12,34,17,19.0,1.0,103106.811,1.0
230,1085,20,117,12,11,0.0,53,5466606.0,43.0,12,99044.0,212.341,1,2022,12,34,14,19.0,1.0,103143.509,2.0
231,1085,842,213,14,12,0.0,53,5467560.0,53.0,10,98786.0,212.896,1,2022,12,34,16,27.0,1.0,103161.509,2.0
232,1085,848,3,13,13,0.0,53,5470677.0,53.0,16,99199.0,212.01,1,2022,12,34,15,3.0,1.0,103220.321,2.0
233,1085,822,51,11,14,0.0,53,5478778.0,52.0,6,97963.0,214.685,1,2022,12,34,13,51.0,2.0,103373.17,2.0
234,1085,854,210,17,15,0.0,53,5482506.0,48.0,13,99068.0,212.29,1,2022,12,34,19,34.0,2.0,103443.509,2.0
235,1085,855,51,16,16,0.0,47,,25.0,18,99368.0,211.649,16,2022,12,34,18,51.0,2.0,104490.745,2.0
236,1085,849,3,18,17,0.0,40,,40.0,19,99650.0,211.05,130,2022,12,34,20,3.0,2.0,104884.45,2.0
237,1085,825,210,20,18,0.0,37,,11.0,17,99265.0,211.869,130,2022,12,34,10,34.0,2.0,103978.865,2.0
238,1085,844,6,1,19,0.0,17,,4.0,7,98088.0,214.411,3,2022,12,34,1,314.0,,99114.235,2.0
239,1085,852,213,8,20,0.0,17,,4.0,20,100216.0,209.858,140,2022,12,34,8,27.0,1.0,104395.706,2.0
240,1086,830,9,10,1,25.0,70,5975912.0,45.0,6,82126.0,192.041,1,2022,13,11,10,431.0,2.0,85370.171,0.0
241,1086,1,131,7,2,19.0,70,5983746.0,57.0,1,81386.0,193.787,1,2022,13,11,7,304.0,2.0,85482.086,0.0
242,1086,847,131,1,3,15.0,70,5988249.0,57.0,9,82766.0,190.556,1,2022,13,11,1,304.0,2.0,85546.414,0.0
243,1086,832,6,2,4,12.0,70,5990491.0,51.0,4,82000.0,192.336,1,2022,13,11,2,334.0,2.0,85578.443,1.0
244,1086,815,9,11,5,10.0,70,5991600.0,44.0,3,81940.0,192.477,1,2022,13,11,11,431.0,2.0,85594.286,1.0
245,1086,844,6,3,6,8.0,70,5991959.0,57.0,2,81622.0,193.227,1,2022,13,11,3,334.0,3.0,85599.414,1.0
246,1086,846,1,4,7,6.0,70,6054212.0,47.0,11,83043.0,189.92,1,2022,13,11,4,95.0,2.0,86488.743,1.0
247,1086,4,214,6,8,4.0,69,,47.0,18,83979.0,187.804,11,2022,13,11,6,99.0,1.0,86726.464,1.0
248,1086,839,214,5,9,2.0,69,,60.0,20,84149.0,187.424,11,2022,13,11,5,99.0,1.0,86768.116,1.0
249,1086,20,117,18,10,1.0,69,,51.0,10,82824.0,190.423,11,2022,13,11,18,20.0,2.0,86770.188,1.0
250,1086,840,117,14,11,0.0,69,,51.0,7,82437.0,191.317,11,2022,13,11,14,20.0,2.0,86880.493,2.0
251,1086,842,213,0,12,0.0,69,,58.0,14,83199.0,189.564,11,2022,13,11,19,27.0,2.0,87068.145,2.0
252,1086,855,51,12,13,0.0,69,,58.0,5,82029.0,192.268,11,2022,13,11,12,51.0,2.0,87146.768,2.0
253,1086,854,210,15,14,0.0,69,,50.0,13,83151.0,189.674,11,2022,13,11,15,34.0,2.0,87150.928,2.0
254,1086,817,1,9,15,0.0,69,,63.0,17,83654.0,188.533,11,2022,13,11,9,95.0,2.0,87135.493,2.0
255,1086,825,210,13,16,0.0,69,,37.0,15,83511.0,188.856,11,2022,13,11,13,34.0,3.0,87564.29,2.0
256,1086,848,3,17,17,0.0,69,,43.0,12,83047.0,189.911,11,2022,13,11,17,3.0,3.0,87576.609,2.0
257,1086,849,3,19,18,0.0,69,,60.0,8,82478.0,191.221,11,2022,13,11,20,3.0,3.0,87752.304,2.0
258,1086,852,213,16,19,0.0,68,,58.0,16,83538.0,188.795,12,2022,13,11,16,27.0,3.0,88657.956,2.0
259,1086,822,51,8,20,0.0,65,,60.0,19,84002.0,187.752,131,2022,13,11,8,51.0,1.0,86480.708,2.0
260,1087,830,9,14,1,26.0,44,5152894.0,32.0,1,109354.0,230.575,1,2022,14,13,1,475.0,2.0,117111.227,0.0
261,1087,815,9,2,2,18.0,44,5170735.0,29.0,3,110764.0,227.64,1,2022,14,13,3,475.0,2.0,117516.705,0.0
262,1087,832,6,1,3,15.0,44,5179780.0,32.0,7,111977.0,225.174,1,2022,14,13,2,357.0,2.0,117722.273,0.0
263,1087,847,131,5,4,12.0,44,5182034.0,31.0,4,110793.0,227.581,1,2022,14,13,8,316.0,2.0,117773.5,1.0
264,1087,4,214,3,5,10.0,44,5226150.0,35.0,13,112868.0,223.397,1,2022,14,13,6,115.0,2.0,118776.136,1.0
265,1087,844,6,15,6,8.0,44,5227830.0,44.0,2,109984.0,229.255,1,2022,14,13,4,357.0,3.0,118700.682,1.0
266,1087,839,214,16,7,6.0,44,5228534.0,36.0,6,111717.0,225.698,1,2022,14,13,5,115.0,2.0,118830.318,1.0
267,1087,20,117,10,8,4.0,44,5231001.0,40.0,11,112515.0,224.098,1,2022,14,13,16,24.0,2.0,118886.386,1.0
268,1087,842,213,0,9,2.0,44,5245075.0,24.0,15,113002.0,223.132,1,2022,14,13,12,29.0,2.0,119206.25,1.0
269,1087,848,3,6,10,1.0,44,5254794.0,28.0,16,113055.0,223.027,1,2022,14,13,9,4.0,2.0,119427.136,1.0
270,1087,840,117,9,11,0.0,44,5255972.0,29.0,14,112880.0,223.373,1,2022,14,13,14,24.0,2.0,119453.909,2.0
271,1087,846,1,17,12,0.0,44,5257633.0,31.0,5,111678.0,225.777,1,2022,14,13,10,95.0,2.0,119491.659,2.0
272,1087,852,213,0,13,0.0,44,5258111.0,32.0,10,112436.0,224.255,1,2022,14,13,19,29.0,2.0,119502.523,2.0
273,1087,855,51,18,14,0.0,44,5259146.0,30.0,9,112317.0,224.493,1,2022,14,13,13,51.0,2.0,119526.045,2.0
274,1087,817,1,7,15,0.0,44,5260057.0,34.0,17,113080.0,222.978,1,2022,14,13,11,95.0,2.0,119546.75,2.0
275,1087,825,210,12,16,0.0,43,,29.0,18,113332.0,222.482,11,2022,14,13,18,34.0,2.0,119844.93,2.0
276,1087,854,210,19,17,0.0,43,,35.0,12,112646.0,223.837,11,2022,14,13,15,34.0,2.0,119910.512,2.0
277,1087,849,3,11,18,0.0,43,,38.0,8,112256.0,224.615,11,2022,14,13,17,4.0,3.0,120088.186,2.0
278,1087,822,51,13,19,0.0,1,,,0,,,3,2022,14,13,20,51.0,,125651.0,2.0
279,1087,1,131,4,20,0.0,0,,,0,,,130,2022,14,13,7,316.0,,,2.0
280,1088,830,9,1,1,26.0,72,5802773.0,62.0,1,73652.0,208.173,1,2022,15,39,1,511.0,4.0,80594.069,0.0
281,1088,847,131,6,2,18.0,72,5806844.0,72.0,2,73671.0,208.119,1,2022,15,39,6,346.0,3.0,80650.611,0.0
282,1088,844,6,2,3,15.0,72,5813702.0,62.0,6,74413.0,206.044,1,2022,15,39,2,376.0,4.0,80745.861,0.0
283,1088,1,131,4,4,12.0,72,5815789.0,54.0,3,73854.0,207.604,1,2022,15,39,4,346.0,3.0,80774.847,1.0
284,1088,815,9,5,5,10.0,72,5820941.0,63.0,5,74404.0,206.069,1,2022,15,39,5,511.0,4.0,80846.403,1.0
285,1088,4,214,13,6,8.0,72,5821527.0,51.0,4,74144.0,206.792,1,2022,15,39,13,125.0,3.0,80854.542,1.0
286,1088,846,1,7,7,6.0,72,5822079.0,63.0,8,74706.0,205.236,1,2022,15,39,7,101.0,3.0,80862.208,1.0
287,1088,832,6,3,8,4.0,72,5823689.0,63.0,7,74643.0,205.409,1,2022,15,39,3,376.0,3.0,80815.125,1.0
288,1088,839,214,12,9,2.0,72,5823890.0,64.0,11,75084.0,204.203,1,2022,15,39,12,125.0,3.0,80887.361,1.0
289,1088,840,117,10,10,1.0,72,5825232.0,65.0,10,75043.0,204.314,1,2022,15,39,10,25.0,4.0,80906.0,1.0
290,1088,842,213,11,11,0.0,72,5829782.0,65.0,12,75165.0,203.983,1,2022,15,39,11,29.0,4.0,80969.194,2.0
291,1088,848,3,15,12,0.0,72,5833163.0,65.0,15,75534.0,202.986,1,2022,15,39,15,4.0,4.0,81016.153,2.0
292,1088,854,210,8,13,0.0,72,5835768.0,51.0,13,75233.0,203.798,1,2022,15,39,8,34.0,4.0,81052.333,2.0
293,1088,20,117,19,14,0.0,72,5838780.0,50.0,9,74862.0,204.808,1,2022,15,39,19,25.0,4.0,81024.722,2.0
294,1088,825,210,18,15,0.0,72,5839642.0,53.0,14,75369.0,203.431,1,2022,15,39,18,34.0,4.0,81106.139,2.0
295,1088,855,51,14,16,0.0,72,5840093.0,63.0,17,75940.0,201.901,1,2022,15,39,14,51.0,4.0,81112.403,2.0
296,1088,817,1,17,17,0.0,72,5840537.0,52.0,16,75577.0,202.871,1,2022,15,39,17,101.0,5.0,81118.569,2.0
297,1088,849,3,20,18,0.0,71,,62.0,18,76066.0,201.567,11,2022,15,39,20,4.0,4.0,82321.845,2.0
298,1088,822,51,16,19,0.0,53,,51.0,19,76844.0,199.526,5,2022,15,39,16,51.0,2.0,80008.981,2.0
299,1088,852,213,9,20,0.0,43,,16.0,20,77138.0,198.765,24,2022,15,39,9,29.0,3.0,81575.372,2.0
300,1089,830,9,7,1,25.0,53,4827511.0,38.0,6,84745.0,246.088,1,2022,16,14,2,545.0,2.0,91085.113,0.0
301,1089,844,6,1,2,18.0,53,4829957.0,38.0,2,84336.0,247.282,1,2022,16,14,1,406.0,3.0,91131.264,0.0
302,1089,847,131,2,3,15.0,53,4830916.0,40.0,7,85288.0,244.522,1,2022,16,14,6,371.0,2.0,91149.358,0.0
303,1089,832,6,18,4,12.0,53,4832572.0,41.0,4,84446.0,246.96,1,2022,16,14,3,406.0,2.0,91180.604,1.0
304,1089,1,131,19,5,10.0,53,4832891.0,43.0,3,84434.0,246.995,1,2022,16,14,5,371.0,1.0,91186.623,1.0
305,1089,815,9,13,6,9.0,53,4833602.0,46.0,1,84030.0,248.182,1,2022,16,14,4,545.0,2.0,91200.038,1.0
306,1089,846,1,3,7,6.0,53,4833718.0,43.0,5,84718.0,246.167,1,2022,16,14,7,107.0,2.0,91202.226,1.0
307,1089,842,213,5,8,4.0,53,4833907.0,30.0,14,86718.0,240.489,1,2022,16,14,9,33.0,1.0,91205.792,1.0
308,1089,856,3,8,9,2.0,53,4834633.0,41.0,13,86624.0,240.75,1,2022,16,14,13,6.0,1.0,91219.491,1.0
309,1089,855,51,9,10,1.0,53,4835421.0,41.0,10,86361.0,241.484,1,2022,16,14,14,52.0,1.0,91234.358,1.0
310,1089,839,214,14,11,0.0,53,4835834.0,37.0,11,86593.0,240.837,1,2022,16,14,11,125.0,1.0,91242.151,2.0
311,1089,854,210,17,12,0.0,53,4836060.0,43.0,8,85298.0,244.493,1,2022,16,14,20,34.0,1.0,91246.415,2.0
312,1089,822,51,15,13,0.0,52,,45.0,9,85706.0,243.329,11,2022,16,14,12,52.0,1.0,92844.769,2.0
313,1089,852,213,20,14,0.0,52,,43.0,17,86857.0,240.105,11,2022,16,14,15,33.0,2.0,92862.904,2.0
314,1089,849,3,10,15,0.0,52,,17.0,15,86798.0,240.268,11,2022,16,14,16,6.0,2.0,92890.442,2.0
315,1089,825,210,16,16,0.0,52,,37.0,16,86798.0,240.268,11,2022,16,14,19,34.0,2.0,92926.096,2.0
316,1089,817,1,4,17,0.0,45,,39.0,12,86603.0,240.809,44,2022,16,14,8,107.0,1.0,88488.533,2.0
317,1089,840,117,12,18,0.0,39,,34.0,19,87467.0,238.43,5,2022,16,14,18,25.0,1.0,89491.103,2.0
318,1089,4,214,6,19,0.0,31,,7.0,18,87203.0,239.152,34,2022,16,14,10,125.0,,88784.484,2.0
319,1089,20,117,11,20,0.0,10,,4.0,20,87501.0,238.337,5,2022,16,14,17,25.0,,88822.5,2.0
320,1091,815,9,2,1,25.0,59,7340238.0,57.0,2,108165.0,168.509,1,2022,17,15,2,576.0,1.0,124326.068,0.0
321,1091,844,6,1,2,18.0,59,7342833.0,54.0,4,108753.0,167.598,1,2022,17,15,1,439.0,1.0,124454.797,0.0
322,1091,832,6,4,3,15.0,59,7350543.0,59.0,3,108414.0,168.122,1,2022,17,15,4,439.0,1.0,124585.475,0.0
323,1091,846,1,6,4,12.0,59,7361371.0,56.0,6,109212.0,166.893,1,2022,17,15,6,129.0,1.0,124769.0,1.0
324,1091,817,1,16,5,10.0,59,7393520.0,57.0,12,111006.0,164.196,1,2022,17,15,17,129.0,1.0,125313.898,1.0
325,1091,840,117,11,6,8.0,59,7396568.0,58.0,7,110283.0,165.272,1,2022,17,15,12,37.0,1.0,125365.559,1.0
326,1091,830,9,8,7,6.0,59,7399063.0,52.0,5,109142.0,167.0,1,2022,17,15,8,576.0,2.0,125407.847,1.0
327,1091,20,117,13,8,4.0,59,7400270.0,58.0,11,110669.0,164.696,1,2022,17,15,14,37.0,1.0,125428.305,1.0
328,1091,1,131,3,9,2.0,59,7401753.0,58.0,10,110622.0,164.766,1,2022,17,15,3,373.0,1.0,125453.441,1.0
329,1091,842,213,7,10,1.0,59,7409814.0,56.0,9,110569.0,164.845,1,2022,17,15,7,34.0,1.0,125590.068,1.0
330,1091,822,51,15,11,0.0,59,7429082.0,52.0,13,111864.0,162.937,1,2022,17,15,16,52.0,1.0,125916.644,2.0
331,1091,825,210,9,12,0.0,59,7432848.0,59.0,14,112067.0,162.641,1,2022,17,15,9,34.0,2.0,125980.475,2.0
332,1091,854,210,12,13,0.0,58,,58.0,8,110290.0,165.262,11,2022,17,15,13,34.0,2.0,127892.724,2.0
333,1091,847,131,0,14,0.0,57,,54.0,1,106458.0,171.211,12,2022,17,15,11,373.0,4.0,128714.439,2.0
334,1091,852,213,10,15,0.0,34,,32.0,15,118716.0,153.532,3,2022,17,15,10,34.0,1.0,130380.029,2.0
335,1091,839,214,17,16,0.0,26,,24.0,17,121105.0,150.504,5,2022,17,15,18,125.0,,129882.769,2.0
336,1091,848,3,18,17,0.0,25,,24.0,18,122121.0,149.251,130,2022,17,15,19,6.0,,131797.28,2.0
337,1091,4,214,5,18,0.0,20,,19.0,16,120463.0,151.306,5,2022,17,15,5,125.0,,127678.15,2.0
338,1091,849,3,19,19,0.0,7,,5.0,20,125585.0,145.135,130,2022,17,15,20,6.0,,139084.857,2.0
339,1091,855,51,14,20,0.0,6,,5.0,19,125556.0,145.168,4,2022,17,15,15,52.0,,129933.333,2.0
340,1092,830,9,1,1,25.0,28,10904004.0,10.0,4,104911.0,199.266,1,2022,18,22,1,619.0,2.0,132285.857,0.0
341,1092,815,9,4,2,18.0,28,10931070.0,11.0,9,106120.0,196.995,1,2022,18,22,4,619.0,2.0,133252.5,0.0
342,1092,844,6,2,3,15.0,28,10935767.0,10.0,3,104489.0,200.07,1,2022,18,22,2,454.0,2.0,133241.679,0.0
343,1092,839,214,5,4,12.0,28,10943689.0,11.0,11,106559.0,196.184,1,2022,18,22,5,143.0,2.0,133703.179,1.0
344,1092,1,131,6,5,10.0,28,10944330.0,11.0,7,105530.0,198.097,1,2022,18,22,6,387.0,2.0,133726.071,1.0
345,1092,20,117,9,6,8.0,28,10950362.0,13.0,12,106964.0,195.441,1,2022,18,22,9,45.0,2.0,133941.5,1.0
346,1092,4,214,7,7,6.0,28,10950373.0,25.0,2,104412.0,200.218,1,2022,18,22,7,143.0,3.0,133941.893,1.0
347,1092,847,131,8,8,4.0,28,10951665.0,21.0,13,107004.0,195.368,1,2022,18,22,8,387.0,2.0,133988.036,1.0
348,1092,849,3,20,9,2.0,28,10974147.0,12.0,18,108371.0,192.904,1,2022,18,22,20,8.0,2.0,134790.964,1.0
349,1092,846,1,10,10,1.0,28,10974786.0,8.0,17,108175.0,193.253,1,2022,18,22,10,130.0,2.0,134813.786,1.0
350,1092,817,1,11,11,0.0,28,10976881.0,11.0,15,107843.0,193.848,1,2022,18,22,11,130.0,2.0,134888.607,2.0
351,1092,840,117,19,12,0.0,28,10977908.0,21.0,5,105205.0,198.709,1,2022,18,22,19,45.0,3.0,134925.286,2.0
352,1092,852,213,13,13,0.0,28,10979603.0,22.0,8,105893.0,197.418,1,2022,18,22,13,34.0,3.0,134985.821,2.0
353,1092,825,210,18,14,0.0,28,10990020.0,10.0,16,108072.0,193.437,1,2022,18,22,18,34.0,2.0,135357.857,2.0
354,1092,822,51,12,15,0.0,28,10990500.0,11.0,14,107820.0,193.889,1,2022,18,22,12,52.0,2.0,135375.0,2.0
355,1092,855,51,14,16,0.0,28,10991047.0,20.0,1,104411.0,200.22,1,2022,18,22,14,52.0,3.0,135394.536,2.0
356,1092,854,210,15,17,0.0,28,10996527.0,22.0,6,105387.0,198.366,1,2022,18,22,15,34.0,2.0,135590.25,2.0
357,1092,842,213,17,18,0.0,28,11012095.0,13.0,10,106545.0,196.21,1,2022,18,22,17,34.0,4.0,135431.964,2.0
358,1092,832,6,3,19,0.0,0,,,0,,,3,2022,18,22,3,454.0,,,2.0
359,1092,848,3,16,20,0.0,0,,,0,,,9,2022,18,22,16,8.0,,,2.0
360,1093,830,9,2,1,25.0,56,6131687.0,37.0,2,99541.0,199.383,1,2022,19,69,3,656.0,2.0,109494.411,0.0
361,1093,1,131,3,2,18.0,56,6136710.0,45.0,5,99830.0,198.805,1,2022,19,69,5,416.0,2.0,109584.107,0.0
362,1093,844,6,12,3,15.0,56,6139188.0,37.0,4,99731.0,199.003,1,2022,19,69,2,469.0,2.0,109628.357,0.0
363,1093,815,9,9,4,12.0,56,6139980.0,44.0,3,99563.0,199.339,1,2022,19,69,4,656.0,2.0,109642.5,1.0
364,1093,847,131,4,5,11.0,56,6176502.0,56.0,1,98788.0,200.902,1,2022,19,69,6,416.0,3.0,110294.679,1.0
365,1093,846,1,6,6,8.0,56,6185472.0,49.0,7,101322.0,195.878,1,2022,19,69,8,138.0,2.0,110454.857,1.0
366,1093,4,214,14,7,6.0,56,6186765.0,39.0,8,101538.0,195.461,1,2022,19,69,9,149.0,2.0,110477.946,1.0
367,1093,20,117,10,8,4.0,56,6197041.0,35.0,16,102546.0,193.54,1,2022,19,69,12,49.0,2.0,110661.446,1.0
368,1093,825,210,13,9,2.0,56,6197521.0,36.0,11,102206.0,194.184,1,2022,19,69,16,36.0,1.0,110670.018,1.0
369,1093,852,213,19,10,1.0,56,6202606.0,49.0,6,101243.0,196.031,1,2022,19,69,15,35.0,2.0,110760.821,1.0
370,1093,839,214,0,11,0.0,56,6204562.0,39.0,13,102394.0,193.827,1,2022,19,69,18,149.0,2.0,110795.75,2.0
371,1093,855,51,18,12,0.0,56,6207851.0,46.0,15,102471.0,193.682,1,2022,19,69,14,52.0,2.0,110854.482,2.0
372,1093,848,3,8,13,0.0,56,6211744.0,55.0,9,101674.0,195.2,1,2022,19,69,11,8.0,2.0,110834.714,2.0
373,1093,842,213,11,14,0.0,56,6213450.0,55.0,12,102320.0,193.967,1,2022,19,69,13,35.0,2.0,110775.893,2.0
374,1093,854,210,16,15,0.0,56,6216177.0,51.0,10,101804.0,194.951,1,2022,19,69,19,36.0,2.0,110913.875,2.0
375,1093,817,1,15,16,0.0,56,6222174.0,55.0,14,102420.0,193.778,1,2022,19,69,17,138.0,2.0,111110.25,2.0
376,1093,849,3,17,17,0.0,56,6235275.0,54.0,19,103485.0,191.784,1,2022,19,69,20,8.0,2.0,111254.911,2.0
377,1093,840,117,5,18,0.0,21,,3.0,17,103080.0,192.537,4,2022,19,69,7,49.0,1.0,112625.286,2.0
378,1093,822,51,7,19,0.0,16,,4.0,18,103391.0,191.958,20,2022,19,69,10,52.0,1.0,105768.938,2.0
379,1093,832,6,1,20,0.0,1,,,0,,,130,2022,19,69,1,469.0,,115016.0,2.0
380,1094,830,9,1,1,25.0,71,5916729.0,36.0,4,82046.0,188.85,1,2022,20,32,1,696.0,1.0,83334.211,0.0
381,1094,1,131,3,2,18.0,71,5931915.0,32.0,5,82062.0,188.813,1,2022,20,32,3,447.0,1.0,83548.099,0.0
382,1094,815,9,4,3,15.0,71,5934826.0,30.0,2,81775.0,189.476,1,2022,20,32,4,696.0,1.0,83589.099,0.0
383,1094,847,131,2,4,13.0,71,5966160.0,71.0,1,80153.0,193.31,1,2022,20,32,2,447.0,2.0,84030.423,1.0
384,1094,832,6,5,5,10.0,71,5974852.0,32.0,6,82199.0,188.498,1,2022,20,32,5,487.0,1.0,84152.845,1.0
385,1094,844,6,7,6,8.0,71,5985503.0,48.0,10,82603.0,187.576,1,2022,20,32,7,487.0,1.0,84302.859,1.0
386,1094,817,1,11,7,6.0,70,,48.0,3,82022.0,188.905,11,2022,20,32,11,146.0,1.0,84846.657,1.0
387,1094,839,214,10,8,4.0,70,,48.0,14,83279.0,186.054,11,2022,20,32,10,153.0,1.0,85020.829,1.0
388,1094,846,1,8,9,2.0,70,,48.0,17,83402.0,185.779,11,2022,20,32,8,146.0,1.0,85081.757,1.0
389,1094,822,51,6,10,1.0,70,,43.0,16,83363.0,185.866,11,2022,20,32,6,53.0,1.0,85130.114,1.0
390,1094,842,213,14,11,0.0,70,,42.0,8,82277.0,188.319,11,2022,20,32,14,35.0,1.0,85139.043,2.0
391,1094,848,3,17,12,0.0,70,,48.0,12,82914.0,186.873,11,2022,20,32,19,8.0,1.0,85166.171,2.0
392,1094,855,51,12,13,0.0,70,,47.0,7,82260.0,188.358,11,2022,20,32,12,53.0,1.0,85325.157,2.0
393,1094,20,117,16,14,0.0,70,,45.0,13,83086.0,186.486,11,2022,20,32,17,49.0,1.0,85374.671,2.0
394,1094,840,117,20,15,0.0,70,,42.0,9,82463.0,187.895,11,2022,20,32,18,49.0,2.0,85524.029,2.0
395,1094,854,210,15,16,0.0,70,,30.0,19,83641.0,185.248,11,2022,20,32,16,36.0,1.0,85651.614,2.0
396,1094,825,210,19,17,0.0,70,,49.0,15,83300.0,186.007,11,2022,20,32,15,36.0,1.0,85673.5,2.0
397,1094,849,3,18,18,0.0,69,,56.0,20,83709.0,185.098,12,2022,20,32,20,8.0,2.0,86545.681,2.0
398,1094,4,214,9,19,0.0,63,,48.0,11,82866.0,186.981,5,2022,20,32,9,153.0,1.0,84921.651,2.0
399,1094,852,213,13,20,0.0,50,,48.0,18,83403.0,185.777,130,2022,20,32,13,35.0,1.0,85627.0,2.0
400,1095,847,131,1,1,26.0,71,5914044.0,61.0,1,73785.0,210.237,1,2022,21,18,3,505.0,2.0,83296.394,0.0
401,1095,1,131,2,2,18.0,71,5915573.0,63.0,2,73942.0,209.791,1,2022,21,18,8,505.0,2.0,83317.93,0.0
402,1095,832,6,7,3,15.0,71,5918095.0,65.0,3,73953.0,209.76,1,2022,21,18,5,524.0,3.0,83353.451,0.0
403,1095,844,6,5,4,12.0,71,5922485.0,63.0,6,74253.0,208.912,1,2022,21,18,10,524.0,3.0,83415.282,1.0
404,1095,4,214,17,5,10.0,71,5923605.0,62.0,4,74164.0,209.163,1,2022,21,18,7,167.0,3.0,83431.056,1.0
405,1095,830,9,3,6,8.0,71,5924100.0,64.0,5,74195.0,209.076,1,2022,21,18,2,719.0,3.0,83438.028,1.0
406,1095,815,9,4,7,6.0,71,5928124.0,62.0,7,74283.0,208.828,1,2022,21,18,9,719.0,2.0,83494.704,1.0
407,1095,839,214,16,8,4.0,71,5932734.0,65.0,9,75093.0,206.575,1,2022,21,18,6,167.0,2.0,83559.634,1.0
408,1095,822,51,14,9,2.0,71,5936596.0,62.0,14,75511.0,205.432,1,2022,21,18,18,55.0,2.0,83614.028,1.0
409,1095,840,117,15,10,1.0,71,5937596.0,50.0,8,74831.0,207.299,1,2022,21,18,15,50.0,2.0,83628.113,1.0
410,1095,20,117,9,11,0.0,71,5940227.0,64.0,15,75549.0,205.328,1,2022,21,18,13,50.0,2.0,83665.169,2.0
411,1095,855,51,13,12,0.0,71,5943369.0,64.0,17,75802.0,204.643,1,2022,21,18,17,55.0,2.0,83709.423,2.0
412,1095,854,210,12,13,0.0,71,5943943.0,63.0,10,75251.0,206.142,1,2022,21,18,20,37.0,2.0,83717.507,2.0
413,1095,842,213,10,14,0.0,71,5945911.0,64.0,12,75327.0,205.934,1,2022,21,18,12,35.0,3.0,83674.803,2.0
414,1095,848,3,19,15,0.0,71,5950060.0,49.0,16,75613.0,205.155,1,2022,21,18,11,8.0,3.0,83803.662,2.0
415,1095,849,3,18,16,0.0,71,5951082.0,59.0,11,75327.0,205.934,1,2022,21,18,16,8.0,3.0,83818.056,2.0
416,1095,852,213,0,17,0.0,70,,63.0,13,75508.0,205.44,11,2022,21,18,19,35.0,3.0,84947.786,2.0
417,1095,846,1,6,18,0.0,50,,48.0,18,75855.0,204.5,6,2022,21,18,4,148.0,2.0,82711.64,2.0
418,1095,825,210,8,19,0.0,0,,,0,,,4,2022,21,18,1,37.0,,,2.0
419,1095,817,1,11,20,0.0,0,,,0,,,4,2022,21,18,14,148.0,,,2.0
420,1096,830,9,1,1,25.0,58,5265914.0,54.0,6,89392.0,212.676,1,2022,22,24,1,759.0,1.0,90791.621,0.0
421,1096,844,6,3,2,18.0,58,5274685.0,48.0,10,89719.0,211.901,1,2022,22,24,3,554.0,1.0,90942.845,0.0
422,1096,815,9,2,3,15.0,58,5276007.0,52.0,4,88972.0,213.68,1,2022,22,24,2,759.0,2.0,90965.638,0.0
423,1096,832,6,4,4,12.0,58,5290806.0,50.0,3,88879.0,213.904,1,2022,22,24,4,554.0,2.0,91220.793,1.0
424,1096,847,131,6,5,10.0,58,5301802.0,48.0,2,88836.0,214.007,1,2022,22,24,6,515.0,2.0,91410.379,1.0
425,1096,846,1,7,6,9.0,58,5322148.0,44.0,1,88391.0,215.085,1,2022,22,24,7,159.0,2.0,91761.172,1.0
426,1096,839,214,8,7,6.0,58,5323154.0,45.0,5,89333.0,212.817,1,2022,22,24,8,173.0,2.0,91778.517,1.0
427,1096,840,117,14,8,4.0,58,5342845.0,42.0,9,89620.0,212.135,1,2022,22,24,14,55.0,2.0,92118.017,1.0
428,1096,817,1,13,9,2.0,58,5349182.0,45.0,18,90785.0,209.413,1,2022,22,24,10,159.0,1.0,92227.276,1.0
429,1096,20,117,9,10,1.0,58,5349812.0,35.0,15,90312.0,210.51,1,2022,22,24,9,55.0,1.0,92238.138,1.0
430,1096,852,213,11,11,0.0,58,5355285.0,40.0,7,89489.0,212.446,1,2022,22,24,12,35.0,2.0,92332.5,2.0
431,1096,855,51,15,12,0.0,57,,53.0,8,89600.0,212.183,11,2022,22,24,15,55.0,2.0,92718.667,2.0
432,1096,848,3,19,13,0.0,57,,40.0,13,89939.0,211.383,11,2022,22,24,19,8.0,2.0,92734.105,2.0
433,1096,842,213,17,14,0.0,57,,16.0,19,91081.0,208.732,11,2022,22,24,17,35.0,1.0,92744.965,2.0
434,1096,822,51,18,15,0.0,57,,47.0,16,90352.0,210.417,11,2022,22,24,18,55.0,1.0,92905.561,2.0
435,1096,854,210,12,16,0.0,57,,39.0,12,89833.0,211.632,11,2022,22,24,13,37.0,2.0,93069.895,2.0
436,1096,825,210,16,17,0.0,57,,40.0,20,91158.0,208.556,11,2022,22,24,16,37.0,1.0,93274.421,2.0
437,1096,1,131,5,18,0.0,55,,42.0,11,89788.0,211.738,9,2022,22,24,5,515.0,1.0,91945.218,2.0
438,1096,849,3,20,19,0.0,55,,45.0,14,90309.0,210.517,130,2022,22,24,20,8.0,2.0,94472.509,2.0
439,1096,4,214,10,20,0.0,27,,24.0,17,90579.0,209.889,47,2022,22,24,11,173.0,1.0,93094.63,2.0
